序号    类型   子类    总长度              点距                 夹角                半径
 1      3       2       0                   0                   90                  0 
 2      0       2       17.1624             17.1624             86.9819             0 
 3      88888  -1       253                 235.8376            90                  0 
 4      0       0       253.6646            .6646               0                   0 
 5      0       0       258.9889            5.3243              0                   0 
 6      0       0       264.3231            5.3343              0                   0 
 7      0      -1       270.1624            5.8393              86.9819             0 
 8      0       0       276.7546            6.5922             -3.7088             -90.721 
 9      0       0       282.3537            5.5991             -4.3671             -71.0123 
 10     0       0       287.5002            5.1465             -5.1516             -55.4363 
 11     0       0       292.2357            4.7355             -4.4539             -45.2118 
 12     0       0       294.4513            2.2156             -3.2748             -38.6189 
 13     0       0       296.5863            2.135              -3.5284             -34.5316 
 14     0       0       298.6421            2.0558             -3.7829             -31.1079 
 15     0       0       300.6273            1.9852             -4.0294             -28.2978 
 16     0       0       302.5513            1.924              -4.2574             -26.0565 
 17     0       0       304.4245            1.8733             -4.4547             -24.3457 
 18     0       0       306.2584            1.8339             -4.609              -23.1337 
 19     0       0       308.0652            1.8067             -4.7096             -22.3972 
 20     0       0       309.8575            1.7923             -4.7487             -22.1214 
 21     0       0       311.6484            1.7909             -4.7232             -22.3006 
 22     0       0       313.451             1.8026             -4.6352             -22.9385 
 23     0       0       315.2782            1.8272             -4.4915             -24.0481 
 24     0       0       317.1422            1.864              -4.3024             -25.651 
 25     0       0       319.0546            1.9124             -4.0799             -27.777 
 26     0       0       321.0261            1.9715             -3.8363             -30.4633 
 27     0       0       323.0664            2.0403             -3.5828             -33.7533 
 28     0       0       325.1888            2.1225             -2.2543             -130.6934 
 29     0       2       330.4391            5.2503              86.1736             0 
 30     0       0       333.314             2.8749              0                   0 
 31     0       0       341.4488            8.1348              0                   0 
 32     0       2       348.1015            6.6528              90                  0 
 33     0       0       349.5833            1.4818              0                   0 
 34     0       0       357.7176            8.1343              0                   0 
 35     0       0       365.8517            8.1341              0                   0 
 36     0       0       373.9856            8.1339              0                   0 
 37     0       0       382.1194            8.1337              0                   0 
 38     0       0       390.2529            8.1336              0                   0 
 39     0       0       398.3863            8.1334              0                   0 
 40     0       0       406.5196            8.1332              0                   0 
 41     0       0       414.6527            8.1331              0                   0 
 42     0       0       422.7856            8.133               0                   0 
 43     0       0       430.9184            8.1328              0                   0 
 44     0       0       439.0511            8.1327              0                   0 
 45     0       0       447.1837            8.1326              0                   0 
 46     0       0       455.3162            8.1325              0                   0 
 47     0       0       463.4487            8.1324              0                   0 
 48     0       0       471.581             8.1323              0                   0 
 49     0       0       479.7133            8.1323              0                   0 
 50     0       0       487.8455            8.1322              0                   0 
 51     0       0       495.9776            8.1322              0                   0 
 52     0       2       497.4375            1.4599              90                  0 
 53     0       0       504.1098            6.6723              0                   0 
 54     0       0       512.2419            8.1321              0                   0 
 55     0       2       515.0999            2.8581              85.3159             0 
 56     0       0       520.3725            5.2726             -.3256              -1616.1802 
 57     0       0       530.5841            10.2116            -4.9492             -71.0453 
 58     0       0       532.5756            1.9915             -3.9472             -29.0126 
 59     0       0       534.5065            1.9309             -4.1906             -26.5223 
 60     0       0       536.3814            1.8749             -4.4085             -24.5805 
 61     0       0       538.2113            1.83               -4.5881             -23.1516 
 62     0       0       540.0083            1.797              -4.7171             -22.208 
 63     0       0       541.785             1.7766             -4.7859             -21.7307 
 64     0       0       543.5543            1.7694             -4.7889             -21.7097 
 65     0       0       545.3297            1.7754             -4.7259             -22.1444 
 66     0       0       547.1241            1.7944             -4.602              -23.0439 
 67     0       0       548.9503            1.8262             -4.4265             -24.4265 
 68     0       0       550.8203            1.87               -4.2115             -26.319 
 69     0       0       552.7452            1.9249             -3.9699             -28.7561 
 70     0       0       554.7351            1.99               -3.7138             -31.7792 
 71     0       0       556.7993            2.0642             -3.4535             -35.4358 
 72     0       0       558.946             2.1467             -3.1972             -39.7785 
 73     0       0       561.1763            2.2303             -4.3377             -46.7483 
 74     0       0       565.9484            4.7721             -5.005              -57.5129 
 75     0       0       571.14              5.1916             -4.2356             -73.8538 
 76     0       0       576.7907            5.6507             -3.5941             -94.4624 
 77     0      -1       583.4391            6.6484              86.1736             0 
 78     0       0       584.6065            1.1674              0                   0 
 79     0       0       589.9392            5.3327              0                   0 
 80     0       0       595.2676            5.3283              0                   0 
 81     0      -1       601.1015            5.834               90                  0 
 82     0       0       607.533             6.4315              0                   0 
 83     0       0       613.4648            5.9318              0                   0 
 84     0       0       619.3968            5.932               0                   0 
 85     0       0       625.329             5.9322              0                   0 
 86     0       0       631.2614            5.9324              0                   0 
 87     0       0       637.194             5.9326              0                   0 
 88     0       0       643.1268            5.9328              0                   0 
 89     0       0       649.0597            5.933               0                   0 
 90     0       0       654.9929            5.9331              0                   0 
 91     0       0       660.9261            5.9333              0                   0 
 92     0       1       666.4234            5.4973             -90                  0 
 93     0       0       666.8596            .4361               0                   0 
 94     0       0       672.7931            5.9336              0                   0 
 95     0       0       678.7268            5.9337              0                   0 
 96     0       0       684.6606            5.9338              0                   0 
 97     0       0       690.5945            5.9339              0                   0 
 98     0       0       696.5286            5.934               0                   0 
 99     0       0       702.4627            5.9341              0                   0 
 100    0       0       708.3968            5.9342              0                   0 
 101    0       0       714.3311            5.9343              0                   0 
 102    0       0       720.2654            5.9343              0                   0 
 103    0       0       726.1998            5.9344              0                   0 
 104    0       0       732.1342            5.9344              0                   0 
 105    0       0       738.0686            5.9344              0                   0 
 106    0       0       744.0031            5.9345              0                   0 
 107    0      -1       750.4375            6.4345              90                  0 
 108    0       0       751.6049            1.1674              0                   0 
 109    0       0       756.9376            5.3327              0                   0 
 110    0       1       760.4193            3.4817             -90                  0 
 111    0       0       762.266             1.8466              0                   0 
 112    0      -1       768.0999            5.834               85.3159             0 
 113    0       0       774.1697            6.0697             -3.8993             -79.0265 
 114    0       0       779.3004            5.1307             -4.5618             -62.4663 
 115    0       0       784.0339            4.7335             -5.3337             -49.4208 
 116    0       0       788.4119            4.3781             -4.5654             -40.884 
 117    0       0       790.4693            2.0573             -3.328              -35.4051 
 118    0       0       792.4599            1.9906             -3.5577             -32.0327 
 119    0       0       794.3847            1.9248             -3.7818             -29.2293 
 120    0       0       796.2518            1.8671             -3.9917             -26.9549 
 121    0       0       798.0701            1.8183             -4.1777             -25.1747 
 122    0       0       799.8494            1.7793             -4.3299             -23.8595 
 123    0       0       801.6               1.7506             -4.4388             -22.9865 
 124    0       0       803.3328            1.7328             -4.4971             -22.5402 
 125    0       0       805.0592            1.7263             -4.5008             -22.5122 
 126    0       0       806.7904            1.7312             -4.4495             -22.902 
 127    0       0       808.5379            1.7474             -4.3468             -23.7167 
 128    0       0       810.3125            1.7746             -4.1998             -24.971 
 129    0       0       812.1247            1.8122             -4.0177             -26.6868 
 130    0       0       813.9844            1.8596             -3.8103             -28.8922 
 131    0       0       815.9004            1.9161             -3.5876             -31.6213 
 132    0       0       817.8737            1.9733             -5.0566             -45.8575 
 133    0       0       823.9265            6.0528             -.8838              -456.3078 
 134    0       0       831.9206            7.9941              0                   0 
 135    0       0       839.9187            7.9981              0                   0 
 136    0       0       847.917             7.9983              0                   0 
 137    0       0       855.9156            7.9986              0                   0 
 138    0       0       863.9145            7.9989              0                   0 
 139    0       0       871.9139            7.9994              0                   0 
 140    0       0       879.9138            7.9999              0                   0 
 141    0       0       887.9142            8.0005              0                   0 
 142    0       0       895.9153            8.0011              0                   0 
 143    0       0       903.9172            8.0019              0                   0 
 144    0       0       911.9199            8.0027              0                   0 
 145    0       2       912.0834            .1635               86.2717             0 
 146    0      -1       919.4234            7.3401             -90                  0 
 147    0       0       922.7242            3.3007              0                   0 
 148    0       2       929.7458            7.0216              90                  0 
 149    0       0       930.325             .5792               0                   0 
 150    0       0       937.925             7.6001              0                   0 
 151    0       0       945.5245            7.5995              0                   0 
 152    0       0       953.1236            7.5991              0                   0 
 153    0       0       960.7224            7.5988              0                   0 
 154    0       0       968.3211            7.5987              0                   0 
 155    0       0       975.9198            7.5987              0                   0 
 156    0       0       983.5187            7.5989              0                   0 
 157    0       0       991.1179            7.5993              0                   0 
 158    0       0       998.7177            7.5998              0                   0 
 159    0       0       1006.3181           7.6004              0                   0 
 160    0      -1       1013.4193           7.1012             -90                  0 
 161    0       0       1020.9229           7.5036              0                   0 
 162    0       0       1028.9256           8.0027              0                   0 
 163    0       0       1036.9274           8.0019              0                   0 
 164    0       0       1044.9286           8.0011              0                   0 
 165    0       0       1052.929            8.0005              0                   0 
 166    0       0       1060.9289           7.9999              0                   0 
 167    0       0       1068.9282           7.9994              0                   0 
 168    0       0       1076.9272           7.9989              0                   0 
 169    0       2       1080.7328           3.8056              90                  0 
 170    0       0       1084.9258           4.193               0                   0 
 171    0       0       1092.9241           7.9983              0                   0 
 172    0       2       1098.3952           5.4711              86.6252             0 
 173    0       0       1100.9222           2.527               0                   0 
 174    0       0       1108.9177           7.9955             -.5758              -702.6208 
 175    0       0       1115.0209           6.1033             -4.42               -53.015 
 176    0       0       1117.037            2.016              -3.5799             -32.2833 
 177    0       0       1118.9873           1.9504             -3.8192             -29.2991 
 178    0       0       1120.8756           1.8883             -4.046              -26.8717 
 179    0       0       1122.7111           1.8355             -4.2498             -24.9624 
 180    0       0       1124.5038           1.7927             -4.4195             -23.539 
 181    0       0       1126.2647           1.7608             -4.5444             -22.5759 
 182    0       0       1128.005            1.7404             -4.6158             -22.0548 
 183    0       0       1129.7369           1.7318             -4.6283             -21.9657 
 184    0       0       1131.4722           1.7354             -4.5809             -22.3068 
 185    0       0       1133.2232           1.7509             -4.4774             -23.0848 
 186    0       0       1135.0013           1.7781             -4.325              -24.3146 
 187    0       0       1136.8178           1.8165             -4.1339             -26.0187 
 188    0       0       1138.683            1.8652             -3.9153             -28.2268 
 189    0       0       1140.6065           1.9236             -3.6801             -30.975 
 190    0       0       1142.5971           1.9906             -3.4378             -34.3049 
 191    0       0       1144.656            2.0589             -4.7059             -39.7513 
 192    0       0       1149.0445           4.3885             -5.4787             -48.2923 
 193    0       0       1153.7994           4.7549             -4.666              -61.4273 
 194    0       0       1158.9646           5.1652             -3.9719             -78.1938 
 195    0      -1       1165.0834           6.1188              86.2717             0 
 196    0       0       1166.2508           1.1674              0                   0 
 197    0       0       1171.5835           5.3327              0                   0 
 198    0       0       1176.9118           5.3283              0                   0 
 199    0      -1       1182.7458           5.834               90                  0 
 200    0       0       1189.2444           6.4986              0                   0 
 201    0       0       1195.2432           5.9988              0                   0 
 202    0       0       1201.2422           5.999               0                   0 
 203    0       0       1207.2414           5.9992              0                   0 
 204    0       0       1213.2407           5.9994              0                   0 
 205    0       0       1219.2402           5.9995              0                   0 
 206    0       0       1225.2399           5.9996              0                   0 
 207    0       0       1231.2396           5.9997              0                   0 
 208    0       0       1237.2395           5.9998              0                   0 
 209    0       0       1243.2394           5.9999              0                   0 
 210    0       0       1249.2393           5.9999              0                   0 
 211    0       0       1255.2393           6                   0                   0 
 212    0       0       1261.2393           6                   0                   0 
 213    0       0       1267.2392           6                   0                   0 
 214    0       0       1273.2392           5.9999              0                   0 
 215    0       0       1279.2391           5.9999              0                   0 
 216    0       0       1285.2389           5.9998              0                   0 
 217    0       0       1291.2387           5.9997              0                   0 
 218    0       0       1297.2383           5.9996              0                   0 
 219    0       0       1303.2378           5.9995              0                   0 
 220    0       0       1309.2372           5.9994              0                   0 
 221    0       0       1315.2364           5.9992              0                   0 
 222    0       0       1321.2354           5.999               0                   0 
 223    0       0       1327.2342           5.9988              0                   0 
 224    0      -1       1333.7328           6.4986              90                  0 
 225    0       0       1334.9002           1.1674              0                   0 
 226    0       0       1340.2329           5.3327              0                   0 
 227    0       0       1345.5612           5.3283              0                   0 
 228    0      -1       1351.3952           5.834               86.6252             0 
 229    0       0       1355.0906           3.6954             -2.4487             -108.2868 
 230    0       0       1361.1124           6.0219             -3.7506             -88.873 
 231    0       0       1366.6611           5.5487             -4.4085             -69.7571 
 232    0       0       1371.7669           5.1059             -5.1882             -54.6556 
 233    0       0       1376.4719           4.7049             -4.4737             -44.7457 
 234    0       0       1378.676            2.2042             -3.282              -38.3595 
 235    0       0       1380.8023           2.1263             -3.529              -34.4051 
 236    0       0       1382.852            2.0497             -3.7753             -31.0968 
 237    0       0       1384.8337           1.9817             -4.012              -28.3868 
 238    0       0       1386.7568           1.923              -4.229              -26.2324 
 239    0       0       1388.6315           1.8748             -4.4145             -24.5974 
 240    0       0       1390.4693           1.8378             -4.5572             -23.4521 
 241    0       0       1392.282            1.8127             -4.6472             -22.7751 
 242    0       0       1394.082            1.8                -4.6778             -22.5529 
 243    0       0       1395.8822           1.8002             -4.6466             -22.7812 
 244    0       0       1397.6952           1.813              -4.556              -23.4646 
 245    0       0       1399.5335           1.8384             -4.4127             -24.6165 
 246    0       0       1401.4092           1.8756             -4.2268             -26.2588 
 247    0       0       1403.3333           1.9241             -4.0096             -28.421 
 248    0       0       1405.3163           1.983              -3.7726             -31.1398 
 249    0       0       1407.3672           2.0509             -3.6072             -81.1539 
 250    0       2       1413.6526           6.2854              85.4348             0 
 251    0       0       1415.4835           1.8309              0                   0 
 252    0       0       1423.6156           8.1321              0                   0 
 253    0       2       1431.315            7.6994              90                  0 
 254    0       0       1431.7477           .4327               0                   0 
 255    0       0       1439.8798           8.1321              0                   0 
 256    0       0       1448.0119           8.1322              0                   0 
 257    0       0       1456.1442           8.1322              0                   0 
 258    0       0       1464.2764           8.1323              0                   0 
 259    0       0       1472.4088           8.1323              0                   0 
 260    0       0       1480.5412           8.1324              0                   0 
 261    0       0       1488.6737           8.1325              0                   0 
 262    0       0       1496.8063           8.1326              0                   0 
 263    0       0       1504.939            8.1327              0                   0 
 264    0       0       1513.0718           8.1328              0                   0 
 265    0       0       1521.2048           8.133               0                   0 
 266    0       0       1529.3379           8.1331              0                   0 
 267    0       0       1537.4711           8.1332              0                   0 
 268    0       0       1545.6045           8.1334              0                   0 
 269    0       0       1553.7381           8.1336              0                   0 
 270    0       0       1561.8718           8.1337              0                   0 
 271    0       0       1570.0057           8.1339              0                   0 
 272    0       0       1578.1398           8.1341              0                   0 
 273    0       2       1582.302            4.1621              90                  0 
 274    0       0       1586.2741           3.9722              0                   0 
 275    0       0       1594.4087           8.1345              0                   0 
 276    0       2       1599.9644           5.5557              86.0738             0 
 277    0       0       1602.5411           2.5767             -.5391              -973.5189 
 278    0       0       1612.6977           10.1566            -6.0099             -58.0815 
 279    0       0       1614.6398           1.9422             -4.117              -27.26 
 280    0       0       1616.5333           1.8935             -4.3395             -25.1937 
 281    0       0       1618.3796           1.8463             -4.5271             -23.6468 
 282    0       0       1620.1903           1.8107             -4.6674             -22.5904 
 283    0       0       1621.9779           1.7876             -4.7504             -22.0033 
 284    0       0       1623.7552           1.7773             -4.7694             -21.8737 
 285    0       0       1625.5355           1.7802             -4.7229             -22.1989 
 286    0       0       1627.3317           1.7963             -4.6146             -22.9857 
 287    0       0       1629.1567           1.825              -4.4529             -24.2501 
 288    0       0       1631.0226           1.8659             -4.2491             -26.017 
 289    0       0       1632.9407           1.9181             -4.0156             -28.3189 
 290    0       0       1634.9213           1.9806             -3.7649             -31.1957 
 291    0       0       1636.9739           2.0526             -3.5074             -34.6933 
 292    0       0       1639.107            2.1331             -3.2519             -38.863 
 293    0       0       1641.328            2.221              -3.0045             -43.7603 
 294    0       0       1643.6378           2.3098             -4.0711             -51.5348 
 295    0       0       1648.5802           4.9424             -4.6963             -63.4234 
 296    0       0       1653.9559           5.3758             -3.9794             -81.3021 
 297    0       0       1659.8014           5.8455             -3.3843             -103.6572 
 298    0      -1       1666.6526           6.8511              85.4348             0 
 299    0       0       1667.8201           1.1675              0                   0 
 300    0       0       1673.159            5.3389              0                   0 
 301    0       0       1678.4923           5.3333              0                   0 
 302    0      -1       1684.315            5.8227              90                  0 
 303    0       0       1690.8135           6.4986              0                   0 
 304    0       0       1696.8124           5.9988              0                   0 
 305    0       0       1702.8114           5.999               0                   0 
 306    0       0       1708.8106           5.9992              0                   0 
 307    0       0       1714.8099           5.9994              0                   0 
 308    0       0       1720.8094           5.9995              0                   0 
 309    0       0       1726.8091           5.9996              0                   0 
 310    0       0       1732.8088           5.9997              0                   0 
 311    0       1       1736.4858           3.677              -90                  0 
 312    0       0       1738.8086           2.3228              0                   0 
 313    0       0       1744.8085           5.9999              0                   0 
 314    0       0       1750.8085           5.9999              0                   0 
 315    0       0       1756.8085           6                   0                   0 
 316    0       0       1762.8085           6                   0                   0 
 317    0       0       1768.8084           6                   0                   0 
 318    0       0       1774.8084           5.9999              0                   0 
 319    0       0       1780.8083           5.9999              0                   0 
 320    0       0       1786.8081           5.9998              0                   0 
 321    0       0       1792.8079           5.9997              0                   0 
 322    0       0       1798.8075           5.9996              0                   0 
 323    0       0       1804.807            5.9995              0                   0 
 324    0       0       1810.8064           5.9994              0                   0 
 325    0       0       1816.8056           5.9992              0                   0 
 326    0       0       1822.8046           5.999               0                   0 
 327    0       0       1828.8034           5.9988              0                   0 
 328    0       1       1830.4817           1.6784             -90                  0 
 329    0      -1       1835.302            4.8202              90                  0 
 330    0       0       1836.4665           1.1646              0                   0 
 331    0       0       1841.7908           5.3243              0                   0 
 332    0       0       1847.1251           5.3343              0                   0 
 333    0      -1       1852.9644           5.8393              86.0738             0 
 334    0       0       1859.0451           6.0807             -3.9738             -77.6644 
 335    0       0       1864.1801           5.135              -4.6577             -61.2102 
 336    0       0       1868.9124           4.7324             -5.4553             -48.2984 
 337    0       0       1873.2856           4.3732             -4.6749             -39.8871 
 338    0       0       1875.3394           2.0538             -3.4093             -34.5147 
 339    0       0       1877.3264           1.987              -3.6447             -31.2257 
 340    0       0       1879.2478           1.9214             -3.8729             -28.5074 
 341    0       0       1881.112            1.8642             -4.0846             -26.3197 
 342    0       0       1882.9285           1.8165             -4.2696             -24.6278 
 343    0       0       1884.7073           1.7788             -4.4173             -23.4031 
 344    0       0       1886.4593           1.752              -4.5182             -22.6237 
 345    0       0       1888.1959           1.7365             -4.5652             -22.275 
 346    0       0       1889.9286           1.7327             -4.5548             -22.3506 
 347    0       0       1891.6693           1.7407             -4.4879             -22.8517 
 348    0       0       1893.4294           1.7602             -4.3692             -23.7879 
 349    0       0       1895.2203           1.7909             -4.207              -25.1762 
 350    0       0       1897.0525           1.8322             -4.0112             -27.041 
 351    0       0       1898.9358           1.8833             -3.7924             -29.4132 
 352    0       0       1900.8793           1.9435             -3.5606             -32.3295 
 353    0       0       1902.8853           2.0059             -4.6949             -46.14 
 354    0       0       1908.3772           5.4919             -.8523              -414.0577 
 355    0       0       1915.1757           6.7985              0                   0 
 356    0       0       1921.9772           6.8015              0                   0 
 357    0       0       1928.7782           6.8009              0                   0 
 358    0       0       1935.5787           6.8005              0                   0 
 359    0       0       1942.3789           6.8002              0                   0 
 360    0       0       1949.179            6.8001              0                   0 
 361    0       0       1955.9791           6.8001              0                   0 
 362    0       0       1962.7794           6.8003              0                   0 
 363    0       2       1966.6599           3.8804              85.6388             0 
 364    0       0       1969.5801           2.9202              0                   0 
 365    0       0       1976.3813           6.8012              0                   0 
 366    0       0       1983.1832           6.8019              0                   0 
 367    0       2       1984.3223           1.1391              90                  0 
 368    0      -1       1989.4858           5.1636             -90                  0 
 369    0       0       1992.7866           3.3007              0                   0 
 370    0       0       2000.3874           7.6008              0                   0 
 371    0       0       2007.9874           7.6001              0                   0 
 372    0       0       2015.5869           7.5995              0                   0 
 373    0       0       2023.186            7.5991              0                   0 
 374    0       0       2030.7848           7.5988              0                   0 
 375    0       0       2038.3835           7.5987              0                   0 
 376    0       0       2045.9822           7.5987              0                   0 
 377    0       0       2053.5811           7.5989              0                   0 
 378    0       0       2061.1803           7.5993              0                   0 
 379    0       0       2068.7801           7.5998              0                   0 
 380    0       0       2076.3805           7.6004              0                   0 
 381    0      -1       2083.4817           7.1012             -90                  0 
 382    0       0       2086.3832           2.9014              0                   0 
 383    0       0       2093.1854           6.8022              0                   0 
 384    0       0       2099.9869           6.8015              0                   0 
 385    0       0       2106.7879           6.8009              0                   0 
 386    0       0       2113.5884           6.8005              0                   0 
 387    0       0       2120.3886           6.8002              0                   0 
 388    0       0       2127.1887           6.8001              0                   0 
 389    4       2       2133.1583           5.9696              90                  0 
 390    0       0       2133.9888           .8305               0                   0 
 391    0       0       2140.7891           6.8003              0                   0 
 392    0       0       2147.5898           6.8007              0                   0 
 393    0       0       2154.391            6.8012              0                   0 
 394    0       0       2161.1929           6.8019              0                   0 
 395    0       0       2167.9781           6.7852             -3.9952             -63.8728 
 396    0       0       2170.0481           2.07               -3.2521             -36.4232 
 397    0       0       2172.0513           2.0032             -3.4692             -33.0603 
 398    0       0       2173.9906           1.9392             -3.6809             -30.2524 
 399    0       0       2175.8736           1.883              -3.8795             -27.9617 
 400    0       0       2177.7088           1.8352             -4.0564             -26.1551 
 401    0       0       2179.5055           1.7967             -4.2025             -24.8049 
 402    0       0       2181.2735           1.768              -4.3094             -23.8891 
 403    0       0       2183.0232           1.7497             -4.3704             -23.3923 
 404    0       0       2184.7652           1.742              -4.3813             -23.3059 
 405    0       0       2186.5104           1.7452             -4.3415             -23.6285 
 406    0       0       2188.2696           1.7592             -4.2536             -24.3656 
 407    0       0       2190.0532           1.7837             -4.1233             -25.5301 
 408    0       0       2191.8715           1.8183             -3.9585             -27.1412 
 409    0       0       2193.7338           1.8623             -3.7682             -29.2243 
 410    0       0       2195.6491           1.9152             -3.5611             -31.8107 
 411    0       0       2197.6253           1.9762             -3.3454             -34.9362 
 412    0       0       2199.6634           2.0381             -4.6116             -40.0347 
 413    0       0       2203.989            4.3256             -5.4191             -47.9985 
 414    0       0       2208.6517           4.6627             -4.6599             -60.1846 
 415    0       0       2213.6943           5.0426             -3.9999             -75.6723 
 416    0      -1       2219.6599           5.9656              85.6388             0 
 417    0       0       2220.8274           1.1675              0                   0 
 418    0       0       2226.1663           5.3389              0                   0 
 419    0       0       2231.4996           5.3333              0                   0 
 420    0      -1       2237.3223           5.8227              90                  0 
 421    0       0       2243.7568           6.4345              0                   0 
 422    0       0       2249.6912           5.9345              0                   0 
 423    0       0       2255.6256           5.9344              0                   0 
 424    0       0       2261.56             5.9344              0                   0 
 425    0       0       2267.4944           5.9344              0                   0 
 426    0       0       2273.4287           5.9343              0                   0 
 427    0       0       2279.363            5.9343              0                   0 
 428    0       0       2285.2971           5.9342              0                   0 
 429    0       0       2291.2313           5.9341              0                   0 
 430    0       0       2297.1653           5.934               0                   0 
 431    0       0       2303.0992           5.9339              0                   0 
 432    0       0       2309.033            5.9338              0                   0 
 433    0       0       2314.9667           5.9337              0                   0 
 434    0       0       2320.9002           5.9336              0                   0 
 435    0       0       2326.8337           5.9334              0                   0 
 436    0       0       2332.767            5.9333              0                   0 
 437    0       0       2338.7001           5.9331              0                   0 
 438    0       0       2344.633            5.933               0                   0 
 439    0       0       2350.5658           5.9328              0                   0 
 440    0       0       2356.4984           5.9326              0                   0 
 441    0       0       2362.4308           5.9324              0                   0 
 442    0       0       2368.363            5.9322              0                   0 
 443    0       0       2374.295            5.932               0                   0 
 444    0       0       2380.2268           5.9318              0                   0 
 445    99999  -1       2386.1583           5.9315              90                  0 
